episode: 1, reward: -117.14017530493564
episode: 2, reward: -113.75852535456978
